48
Atlanta
0
0
0
0
0
1
161
201
3
4
1
5
Chicago
0
0
0
0
0
1
130
143
5
7
8
0
2
6
Montreal
0
0
0
0
0
1
199
143
3
4
1
3
New York
0
0
0
0
0
1
246
144
4
4
2
15
14
Washington
0
0
0
0
0
1
224
185
4
0
5
2
3
Miami
0
0
0
0
0
3
172
258
4
4
6
9
0
Mexico City
0
0
0
0
0
3
114
274
5
7
1
5
10
9
Los Angeles
0
0
0
0
0
3
50
248
3
8
6
1
San Francisco
0
0
0
0
0
1
57
173
2
7
1
Bogota
0
0
0
0
0
3
190
327
5
6
10
12
13
5
Lima
0
0
0
0
0
3
156
440
3
6
11
9
Santiago
0
0
0
0
0
3
172
528
1
10
Buenos Aires
0
0
0
0
0
3
250
484
2
9
13
Sao Paulo
0
0
0
0
0
3
272
425
4
9
12
15
20
London
0
0
0
0
0
1
376
134
4
3
15
17
16
Madrid
0
0
0
0
0
1
358
186
5
3
13
14
16
24
Paris
0
0
0
0
0
1
402
158
4
15
14
17
18
Essen
0
0
0
0
0
1
420
101
4
14
16
18
19
Milan
0
0
0
0
0
1
453
136
3
17
16
26
St. Petersburg
0
0
0
0
0
1
474
81
2
17
27
Lagos
0
0
0
0
0
3
400
322
3
13
21
23
Kinshasa
0
0
0
0
0
3
434
374
3
20
22
23
Johannesburg
0
0
0
0
0
3
465
490
2
21
23
Khartoum
0
0
0
0
0
3
474
327
4
20
21
22
25
Algiers
0
0
0
0
0
2
404
220
3
26
15
25
Cairo
0
0
0
0
0
2
466
236
5
26
24
23
28
29
Istanbul
0
0
0
0
0
2
476
167
5
27
18
24
25
29
Moscow
0
0
0
0
0
2
516
109
3
19
26
30
Riyadh
0
0
0
0
0
2
518
261
2
25
31
Baghdad
0
0
0
0
0
2
518
203
4
26
25
30
31
Tehran
0
0
0
0
0
2
567
139
4
27
29
31
33
Karrchi
0
0
0
0
0
2
570
217
5
30
29
33
28
32
Mumbai
0
0
0
0
0
2
595
278
3
31
34
33
Delhi
0
0
0
0
0
2
615
178
5
30
31
32
34
35
Chennri
0
0
0
0
0
2
629
305
5
32
33
35
37
38
Kolkata
0
0
0
0
0
2
660
195
4
34
33
40
37
Sydney
0
0
0
0
0
0
807
504
2
38
47
Bangkok
0
0
0
0
0
0
662
261
5
35
34
38
39
40
Jakarta
0
0
0
0
0
0
670
373
4
34
36
39
37
Ho Chi Mink City
0
0
0
0
0
0
700
318
4
38
37
40
47
Hong Kong
0
0
0
0
0
0
701
220
5
41
46
35
39
37
Shanghai
0
0
0
0
0
0
698
159
5
40
42
43
44
46
Beijing
0
0
0
0
0
0
695
111
2
41
43
Seoul
0
0
0
0
0
0
743
120
3
41
42
44
Tokyo
0
0
0
0
0
0
772
155
3
41
43
45
Osaka
0
0
0
0
0
0
790
199
2
44
46
Tripei
0
0
0
0
0
0
751
226
4
41
45
40
47
Manila
0
0
0
0
0
0
782
314
3
39
46
36
