48
San Francisco
-1
-1
-1
1
64
175
4
1
6
45
47
Chicago
-1
-1
-1
1
133
151
5
0
2
6
3
7
Montreal
-1
-1
-1
1
190
142
3
1
4
5
Atlanta
-1
-1
-1
1
168
192
3
1
5
8
New York
-1
-1
-1
1
244
149
4
2
5
15
14
Washington
-1
-1
-1
1
223
207
4
3
2
4
8
Los Angeles
-1
-1
-1
3
68
238
4
0
1
7
38
Mexico City
-1
-1
-1
3
102
272
5
6
8
1
10
9
Miami
-1
-1
-1
3
160
238
4
3
8
5
7
Bogota
-1
-1
-1
3
175
328
4
7
10
13
12
Lima
-1
-1
-1
3
146
427
3
7
11
9
Santiago
-1
-1
-1
3
178
518
1
10
Buenos Aires
-1
-1
-1
3
233
487
3
9
12
13
Sao Paulo
-1
-1
-1
3
257
437
4
9
12
15
23
London
-1
-1
-1
1
375
115
4
4
15
17
16
Madrid
-1
-1
-1
1
375
173
5
4
14
13
16
20
Paris
-1
-1
-1
1
407
148
5
15
20
17
14
18
Essen
-1
-1
-1
1
419
99
4
14
19
16
18
Milan
-1
-1
-1
1
436
136
3
17
16
21
St. Petersburg
-1
-1
-1
1
459
89
2
17
27
Algiers
-1
-1
-1
2
426
221
4
22
15
16
21
Istanbul
-1
-1
-1
2
460
168
5
22
20
18
28
27
Cairo
-1
-1
-1
2
479
246
5
26
21
28
46
20
Lagos
-1
-1
-1
3
389
321
3
13
26
24
Kinshasa
-1
-1
-1
3
439
380
3
23
26
25
Johannesburg
-1
-1
-1
3
456
499
2
24
26
Khartoum
-1
-1
-1
3
475
333
4
23
24
25
22
Moscow
-1
-1
-1
2
493
118
3
19
21
29
Baghdad
-1
-1
-1
2
520
200
5
22
21
29
31
46
Tehran
-1
-1
-1
2
546
134
4
27
30
28
31
Delhi
-1
-1
-1
2
602
174
5
29
34
31
33
32
Karrchi
-1
-1
-1
2
559
210
5
29
28
46
32
30
Mumbai
-1
-1
-1
2
563
275
3
31
33
30
Chennri
-1
-1
-1
2
606
283
5
32
30
34
35
36
Kolkata
-1
-1
-1
2
646
202
4
30
33
35
42
Bangkok
-1
-1
-1
0
645
261
5
34
33
36
37
42
Jakarta
-1
-1
-1
0
659
358
4
33
35
37
38
Ho Chi Mink City
-1
-1
-1
0
696
315
4
36
35
42
47
Sydney
-1
-1
-1
0
808
499
3
36
47
6
Seoul
-1
-1
-1
0
734
145
3
40
45
41
Beijing
-1
-1
-1
0
681
151
2
41
39
Shanghai
-1
-1
-1
0
688
193
5
42
45
40
39
43
Hong Kong
-1
-1
-1
0
690
239
5
34
43
41
37
35
Tripei
-1
-1
-1
0
747
237
4
41
44
42
47
Osaka
-1
-1
-1
0
789
212
2
43
45
Tokyo
-1
-1
-1
0
770
165
4
39
44
41
0
Riyadh
-1
-1
-1
2
523
249
3
22
28
31
Manila
-1
-1
-1
0
770
325
4
43
38
37
0
